Easy

108400025

400160000

000008001

002070048

050304010

840050300

200500000

000037004

580009703




000000000

000609000

001538700

205000306

160070048

090000070

000000000

480060057

706040901





Medium




001709600

206000408

040000010

100000002
902186504

087050160

003090800

000000000

000302000




000800101

008403000

600571048

005004060

009000200

080700400

760158004

000307500

501009000



Hard


910206034

004000200

007000800

000609000

600472008

009000300

000000000

090304080

203805907



003804701

005000094

410600000

000900600

600015000

000400300

180700000

006000032

004206107



Very Hard

005000600

090005010

100390007

080070100

007523900

004101060

500082006

070100020

002000800




000800000

040050200

005316000

108000009

400020708

207000006

002594000

030080100

000100000














